60.168921 24.942391
60.168718 24.941095
60.168424 24.942334
60.171351 24.925144
60.171370 24.940232
60.171254 24.947401
60.170822 24.941476
60.170274 24.942272
60.168373 24.930170
60.168410 24.940238
60.169550 24.937905
60.169725 24.939178
60.170460 24.938059
60.170529 24.945381
60.171756 24.945431
60.169578 24.945631
60.175295 24.921484
60.171027 24.938357
60.169591 24.931967
60.169023 24.936448
60.168970 24.933584
60.165113 24.938942
60.161058 24.929899
60.163167 24.941470
60.166539 24.941062
60.158572 24.945957
60.160848 24.958329
60.158717 24.934486
60.163877 24.968380
60.167387 24.961973
60.174046 24.953616
60.171748 24.956795
60.163213 24.914853
60.163306 24.910252
60.163734 24.914050
60.164483 24.933422
60.160304 24.877329
60.153714 24.881355
60.154855 24.921188
60.197321 24.928256
60.184873 24.922186
60.181805 24.926814
60.178707 24.923242
60.194734 24.891797
60.191370 24.906945
60.190766 24.907226
60.205664 24.898935
60.217136 24.899781
60.197313 24.879281
60.201840 24.877081
60.205698 24.877714
60.226289 24.853904
60.219995 24.872753
60.217511 24.869753
60.220306 24.877026
60.238925 24.851237
60.245417 24.846183
60.229503 24.895261
60.247356 24.861993
60.235934 24.891222
60.239247 24.875340
60.241828 24.885100
60.229897 24.882312
60.232836 24.887046
60.187653 24.959642
60.187140 24.953517
60.187802 24.963071
60.189811 24.952317
60.191666 24.942561
60.186823 24.948244
60.189840 24.939566
60.191339 24.960543
60.198473 24.934611
60.201665 24.937933
60.178133 24.951134
60.182943 24.948193
60.178811 24.949733
60.180242 24.949589
60.177744 24.949774
60.183331 24.952853
60.196160 24.962279
60.194991 24.956648
60.203071 24.967149
60.208763 24.975610
60.186151 25.007659
60.190353 24.972246
60.216203 24.958658
60.216539 24.953470
60.222292 24.947312
60.228024 24.925157
60.230928 24.935065
60.228403 24.962286
60.228757 24.962583
60.238258 24.928291
60.247682 24.922770
60.257142 24.945435
60.250911 25.012896
60.251910 25.010888
60.251977 25.013398
60.233011 25.011742
60.231204 25.000472
60.243419 24.993912
60.267317 25.014505
60.263000 25.026723
60.274443 24.989286
60.275030 25.034451
60.274594 25.045209
60.261707 25.075437
60.261225 25.075265
60.256634 24.998573
60.258833 24.993949
60.233822 25.030959
60.227334 25.009453
60.204706 25.034483
60.195179 25.030784
60.194596 25.028114
60.193135 25.031501
60.193702 25.034117
60.202158 25.059541
60.180073 25.051334
60.180850 25.052553
60.214320 25.083264
60.214466 25.087809
60.212556 25.096595
60.224552 25.074529
60.209547 25.081292
60.212632 25.085417
60.211531 25.084412
60.208918 25.085616
60.209980 25.077399
60.210578 25.078044
60.235944 25.082941
60.238333 25.083632
60.218540 25.102857
60.221790 25.139088
60.238974 25.112239
60.238117 25.111181
60.203870 25.118432
60.224789 25.168155
60.207095 25.146262
60.298413 25.326374
60.279836 25.109585
60.278906 25.104301
60.278755 25.103924
60.277728 25.083470
60.266612 25.099556
60.297339 25.104303
60.244742 25.109739
60.293067 25.040961
60.292118 25.042856
60.292852 25.037604
60.300909 25.040231
60.293727 25.032057
60.293423 25.034714
60.289257 25.033243
60.303350 25.046837
60.309878 25.031436
60.320836 25.073328
60.322834 25.061910
60.322773 25.055490
60.324328 25.024241
60.308171 24.999114
60.330562 25.071507
60.324999 25.058150
60.350190 25.075284
60.351023 25.076602
60.351016 25.079549
60.349931 25.079516
60.341863 25.094663
60.272555 24.970083
60.290768 24.962113
60.318048 24.966429
60.259898 24.851839
60.261939 24.856176
60.261241 24.854365
60.262596 24.853813
60.269906 24.848860
60.262759 24.869709
60.277813 24.853606
60.276696 24.848909
60.281299 24.844178
60.271015 24.804015
60.258326 24.828702
60.265111 24.810680
60.262356 24.804127
60.256144 24.804905
60.277471 24.820965
60.300946 24.856936
60.378895 24.754024
60.381553 24.748129
60.380798 24.751439
60.377887 24.759849
60.462343 24.806304
60.461939 24.806920
60.455403 24.841501
60.176710 24.800808
60.175408 24.802979
60.175841 24.804215
60.175628 24.804020
60.185627 24.807920
60.183401 24.794655
60.204049 24.804965
60.171826 24.827074
60.184581 24.830245
60.163017 24.775722
60.194456 24.768548
60.169756 24.760019
60.167120 24.735042
60.172970 24.728159
60.157874 24.739865
60.162123 24.738796
60.162003 24.700991
60.181302 24.678126
60.148960 24.657182
60.152509 24.658048
60.154447 24.634721
60.209624 24.752803
60.141381 24.671166
60.119394 24.444228
60.121165 24.439867
60.123577 24.439946
60.118878 24.445183
60.124366 24.438515
60.157918 24.535257
60.138170 24.227143
60.217164 24.811738
60.217110 24.810265
60.228609 24.763818
60.206961 24.753887
60.205007 24.765372
60.221486 24.812290
60.220848 24.811981
60.210027 24.728176
60.226520 24.740901
60.241089 24.741039
60.217289 24.661199
60.200282 24.669826
60.203838 24.655003
60.204008 24.660895
60.205699 24.655156
60.193200 24.599887
60.269395 24.443862
60.269919 24.757262
60.240273 24.700743
60.229339 24.715216
60.330719 24.320538
60.332303 24.330265
60.335573 24.321385
60.335396 24.320470
60.417702 24.326465
60.535343 24.213687
60.534434 24.231589
60.473637 23.981907
60.376119 25.268396
60.377127 25.269017
60.403015 25.100609
60.404756 25.104547
60.403833 25.098146
60.402149 25.103431
60.401692 25.146635
60.420323 25.089397
60.400003 25.109054
60.380401 25.096312
60.397815 25.019827
60.402339 25.028332
60.374377 25.017807
60.410313 25.077217
60.470944 25.089453
60.479239 25.084631
60.469534 25.084411
60.472699 25.089439
60.472414 25.089126
60.492198 25.093974
60.475833 25.089565
60.465242 25.119547
60.493060 25.067245
60.497916 25.144038
60.532144 25.110455
60.635153 25.317101
60.635741 25.319626
60.673358 25.352355
60.527678 24.751197
60.553393 24.967050
60.616019 24.868740
60.633864 24.864940
60.631191 24.860680
60.632333 24.862895
60.618619 24.802871
60.631685 24.866324
60.629151 24.857127
60.641778 24.867638
60.619970 24.844471
60.608506 24.835632
60.647853 24.833462
60.387630 25.651234
60.393650 25.664264
60.395714 25.667927
60.393529 25.662717
60.393059 25.665568
60.394391 25.659080
60.399289 25.684779
60.387643 25.696354
60.374422 25.632240
60.477296 25.374354
60.493045 25.540345
60.645421 25.579407
60.669788 25.851500
60.485739 25.892715
60.623263 26.197931
60.671043 26.251426
60.457280 26.224109
60.452873 26.206474
60.456575 26.225532
60.457780 26.226064
60.522742 26.469010
60.250948 24.067719
60.248518 24.062126
60.250944 24.064840
60.251001 24.065344
60.250997 24.069456
60.227376 24.026646
60.292321 24.061783
60.274212 24.132225
60.191486 23.998646
60.244598 23.731404
60.380436 23.959745
60.045392 24.004616
60.070502 23.659368
60.070942 23.659344
60.070098 23.659764
60.095838 23.525371
60.058615 23.305064
59.976366 23.438749
59.976993 23.440325
59.974642 23.437621
59.978367 23.463914
59.824691 22.964629
59.828346 22.965856
59.825131 22.967640
60.738344 24.773246
60.731541 24.762811
60.732756 24.775409
60.751044 24.737960
60.747558 24.769215
60.738979 24.800927
60.721910 24.734110
60.786999 25.027894
60.816527 24.630774
60.849158 24.605988
60.624837 24.460394
60.720528 24.442797
60.993679 24.460397
60.996366 24.460942
60.992332 24.460910
60.996666 24.455864
60.996495 24.467250
60.995847 24.463112
60.996005 24.464759
60.995688 24.463282
61.006649 24.419201
61.011069 24.411379
60.993641 24.467283
61.003292 24.488376
61.006271 24.506226
60.984375 24.417027
61.007233 24.442845
61.014626 24.417134
61.054943 24.372431
60.922732 24.648636
60.922120 24.646983
60.893987 24.281003
61.090870 24.136281
61.172105 24.562418
61.106370 24.865315
60.967971 25.653966
60.976935 25.657612
60.983097 25.657515
60.982746 25.659351
60.985524 25.648369
60.982588 25.656166
60.982652 25.662222
60.996360 25.656382
60.985970 25.666247
60.985977 25.665882
60.987251 25.665804
60.987205 25.665447
60.983532 25.737313
60.979193 25.685332
60.982884 25.737505
60.983530 25.702443
60.990359 25.680840
60.998318 25.684717
61.008305 25.679243
61.016014 25.661649
61.015666 25.664641
60.998909 25.758600
60.964181 25.659540
60.962398 25.670284
60.946692 25.805000
60.948499 25.886692
60.936357 25.960564
60.937322 25.962096
60.947713 25.928441
60.958747 25.655543
60.969252 25.632265
60.935301 25.625920
60.935592 25.633951
60.966607 25.581422
60.986028 25.578532
60.980937 25.593021
60.991119 25.568203
60.988972 25.516347
60.988035 25.515534
60.996796 25.592351
60.804621 25.732582
60.805482 25.731207
60.803109 25.735097
60.868146 25.275062
61.021128 25.156658
61.079686 25.011614
61.173241 25.545685
61.172226 25.550473
61.350815 25.277283
61.563507 25.182177
61.193017 25.998376
61.202656 26.032844
61.203017 26.030755
61.205868 26.039447
61.231917 26.045773
61.248160 26.060443
61.106111 25.930556
61.422338 26.434926
61.504260 26.481704
61.578676 26.021271
61.743056 26.108159
61.501946 25.686806
60.456838 22.268566
60.452489 22.271686
60.449397 22.262573
60.448185 22.258996
60.434005 22.222195
60.451761 22.257763
60.451667 22.266944
60.451757 22.268618
60.452303 22.267849
60.454427 22.268219
60.446279 22.242964
60.457681 22.273545
60.451257 22.263920
60.450542 22.260870
60.452768 22.273095
60.452762 22.190104
60.453152 22.160640
60.457834 22.236328
60.472655 22.286804
60.472189 22.230596
60.473154 22.228871
60.489940 22.266356
60.544337 22.307476
60.541174 22.350754
60.452577 22.283789
60.453061 22.286923
60.446632 22.324269
60.469352 22.306841
60.455666 22.297798
60.469640 22.356106
60.458739 22.321677
60.441060 22.340639
60.443167 22.359416
60.445008 22.391723
60.441389 22.280319
60.443820 22.286226
60.429719 22.319354
60.417959 22.301782
60.422489 22.284954
60.433248 22.348439
60.415314 22.326678
60.407118 22.362745
60.407897 22.369783
60.407890 22.369169
60.440605 22.248422
60.437102 22.258083
60.430004 22.239351
60.442575 22.257636
60.427387 22.269312
60.421396 22.264188
60.418678 22.228656
60.466703 22.031897
60.467807 22.026018
60.467672 22.024557
60.476888 22.042655
60.484596 22.051998
60.376491 21.945575
60.487308 22.167060
60.486279 22.164404
60.490291 22.170818
60.570205 22.095911
60.598261 22.084468
60.489990 22.210700
60.491261 22.197674
60.541366 22.221073
60.646206 22.590869
60.504341 22.459615
60.504816 22.458149
60.584671 22.900143
60.425316 22.514621
60.457940 22.688877
60.456199 22.689148
60.342998 22.693870
60.308980 22.308194
60.301836 22.302045
60.299515 22.302139
60.192520 21.909695
60.703573 22.754976
60.718571 22.603084
60.878936 22.410744
60.101281 19.942130
60.100444 19.943256
60.117578 19.942334
60.098947 19.942109
60.130081 19.933818
60.233957 20.001817
60.679131 21.987756
60.686149 21.713575
60.561030 21.615505
60.545759 21.358860
60.805034 21.423127
60.799460 21.411368
60.799672 21.408562
60.876077 21.698191
60.880509 21.694903
60.879625 21.694126
60.386571 23.135984
60.385080 23.129744
60.389935 23.127363
60.386863 23.127094
60.387859 23.125293
60.386233 23.125372
60.386373 23.124741
60.419197 23.164796
60.396428 23.080738
60.393949 23.085486
60.436341 23.277187
60.521200 23.222230
60.460868 23.551947
60.380049 23.615747
60.378843 23.592843
60.264661 23.446250
60.205826 23.122898
60.161733 22.729615
60.020886 22.507714
61.128173 21.510887
61.132382 21.507440
61.128286 21.505880
61.132649 21.534417
61.123677 21.501560
61.118559 21.506388
61.129478 21.504294
61.131860 21.540698
61.144868 21.483117
61.118397 21.527478
61.120764 21.528243
61.201804 21.727938
61.100872 21.846427
61.207981 22.083360
61.226462 21.973225
61.115671 22.162809
61.130160 22.139755
61.118401 22.307495
61.046230 22.346202
61.487137 21.793441
61.485256 21.800355
61.497987 21.809204
61.494324 21.801360
61.486241 21.798145
61.484812 21.797452
61.483794 21.796945
61.482712 21.796414
61.482923 21.762315
61.487576 21.750978
61.454233 21.837069
61.453631 21.835601
61.478087 21.802251
61.477971 21.789978
61.499144 21.804176
61.488375 21.841450
61.475052 21.822269
61.473793 21.831550
61.428184 21.875053
61.430193 21.875001
61.478760 21.756760
61.486380 21.746930
61.549990 21.593663
61.361148 21.623630
61.314180 22.145554
61.315114 22.144311
61.314019 22.137842
61.365979 22.003397
61.591701 21.869772
61.695398 22.011909
61.877789 21.823795
61.859859 21.504841
60.817133 23.628187
60.825734 23.576090
60.827081 23.573744
60.815067 23.629832
60.812193 23.637034
60.814945 23.626448
60.813303 23.620541
60.810426 23.630173
60.802742 23.626149
60.807562 23.758874
60.627209 23.516388
60.629627 23.513969
60.654526 23.140497
60.803542 23.484810
60.921524 23.363453
61.081240 23.549948
61.113142 23.106104
60.803502 23.281831
60.854469 23.044210
60.855666 23.046107
60.851910 23.058318
60.850580 23.056038
60.868208 22.987155
60.953692 22.864123
60.856229 22.696595
61.026468 22.689317
61.174628 22.681284
61.176140 22.698709
61.177112 22.701297
61.285145 22.697334
61.255283 22.348557
61.258195 22.354688
61.495937 23.767906
61.498298 23.767331
61.498518 23.770483
61.498227 23.768942
61.497927 23.761336
61.500107 23.771492
61.498388 23.772022
61.500805 23.779443
61.497825 23.777128
61.497406 23.757688
61.497770 23.757092
61.500954 23.759031
61.498873 23.756534
61.499198 23.756023
61.498335 23.740620
61.504677 23.743591
61.508013 23.669504
61.504792 23.630217
61.504762 23.629424
61.515589 23.667943
61.517662 23.664745
61.516266 23.663050
61.518601 23.661863
61.527378 23.703111
61.556588 23.595360
61.556496 23.567263
61.531975 23.633815
61.548800 23.596183
61.564350 23.594690
61.499120 23.780433
61.499065 23.782199
61.498239 23.779401
61.500672 23.817884
61.503821 23.817686
61.497480 23.797255
61.494279 23.813018
61.492109 23.819603
61.495356 23.881402
61.496426 23.887977
61.484188 23.850980
61.473316 23.874006
61.476710 23.841901
61.454618 23.846822
61.450572 23.849677
61.450901 23.848517
61.450773 23.852376
61.474378 23.918419
61.479916 23.782519
61.467687 23.774793
61.449850 23.752615
61.415704 23.758840
61.470040 23.749336
61.469462 23.719255
61.464970 23.721820
61.452919 23.641882
61.466077 23.647324
61.465981 23.645485
61.878495 23.727128
61.985759 24.070391
62.238722 23.773127
62.242299 23.768767
61.676776 24.357595
61.677167 24.357154
61.729183 24.788637
61.797004 24.369761
61.860924 24.828047
62.022226 24.511854
62.029306 24.624226
62.030605 24.623401
62.031674 24.623322
62.138955 24.498858
61.527136 24.017223
61.462333 24.067786
61.462395 24.077888
61.462363 24.078154
61.468757 24.037866
61.476210 23.977375
61.474532 23.944109
61.475319 24.329910
61.339705 24.269159
61.363581 24.657524
61.480605 23.510477
61.483145 23.512834
61.477540 23.512382
61.478399 23.512828
61.465716 23.506260
61.467630 23.508825
61.487795 23.494499
61.501509 23.568163
61.475483 23.343194
61.296774 23.638296
61.255354 23.842795
61.313028 23.758831
61.314804 23.752711
61.312871 23.752413
61.380552 23.779563
61.362661 23.798450
61.264286 24.033284
61.268526 24.034604
61.266611 24.029382
61.277799 24.015408
61.166174 23.868146
61.168027 23.866616
61.211163 23.766659
61.340769 22.910358
61.342390 22.907819
61.323919 22.923144
61.473736 22.557689
61.499570 23.091410
61.513510 23.008855
61.557003 22.780599
61.596364 22.587886
61.812931 22.375610
61.806863 22.388888
61.803772 22.396554
61.804972 22.395453
61.819849 22.692135
61.993189 22.260539
61.638440 23.196602
61.638800 23.196989
61.566413 23.524352
61.666819 23.179612
61.774379 23.016096
61.770022 23.064652
62.006863 23.011023
62.010331 23.022870
62.207331 23.178044
62.133333 22.558333
62.241968 25.748641
62.242228 25.755067
62.241715 25.745779
62.242409 25.747160
62.242715 25.747770
62.242575 25.746965
62.243458 25.748723
62.244475 25.750582
62.250829 25.768751
62.241853 25.749673
62.302078 25.711334
62.288847 25.740321
62.289301 25.716636
62.287843 25.715024
62.259698 25.779055
62.257882 25.778024
62.255020 25.762659
62.264909 25.779392
62.271352 25.800148
62.215442 25.718760
62.217878 25.719856
62.227688 25.773370
62.228049 25.681315
62.243520 25.713760
62.239652 25.729262
62.248516 25.877320
62.230041 25.900326
62.138321 25.766147
62.136429 25.673172
62.388698 25.646335
62.414079 25.955332
62.414338 25.954131
62.260810 26.195253
62.390676 26.435428
62.095745 26.079475
62.016275 25.562497
62.255817 25.182659
61.864686 25.193042
61.866586 25.201061
61.863767 25.189088
61.919388 25.174125
62.408632 24.796485
62.254490 24.719198
62.258067 24.708407
62.252604 24.453758
62.705553 25.259674
62.706014 25.258577
62.707784 25.257934
62.977448 25.262187
62.879177 24.804651
62.878874 24.803062
63.042885 24.560478
63.128382 25.052963
63.367966 24.965412
62.518223 25.690208
62.604083 25.724393
62.603898 25.725900
62.602868 25.724847
62.563866 25.852156
62.567334 25.853689
62.628028 26.288567
62.780306 25.806140
63.074153 25.857891
63.074095 25.860651
63.370652 25.575891
60.866804 26.704924
60.868787 26.703595
60.868628 26.701566
60.867887 26.702619
60.868232 26.708788
60.870866 26.657298
60.852420 26.695403
60.887848 26.725543
60.872786 26.734107
60.874539 26.740580
60.930022 26.800634
60.940751 26.798611
60.894578 26.911150
60.846987 26.603412
60.859005 26.568164
60.908223 26.628712
60.906719 26.626532
60.907259 26.622296
60.876821 26.651298
60.940976 26.621179
61.115324 26.984511
60.765090 26.786586
60.763703 26.784261
60.693320 26.838043
60.693468 26.840590
60.688561 26.805393
60.721556 26.447138
60.888769 26.337279
60.887680 26.338969
61.049381 26.484766
60.463544 26.941077
60.463482 26.934528
60.467685 26.945269
60.466915 26.943395
60.460232 26.939574
60.483775 26.858671
60.500979 26.869078
60.506234 26.915692
60.513715 26.933164
60.514690 26.931625
60.516405 26.933124
60.542061 26.974736
60.496342 26.738301
60.568323 27.190600
60.568493 27.191310
60.568177 27.193586
60.568067 27.188679
60.563644 27.162518
60.671220 27.700199
60.583504 27.708196
60.601336 27.838982
61.688023 27.274734
61.688832 27.269394
61.688837 27.272633
61.688392 27.275155
61.690449 27.276371
61.676047 27.245685
61.701430 27.305086
61.686246 27.298337
61.678135 27.202317
61.987813 26.641667
61.989815 26.643374
62.024316 27.206616
61.897266 27.857973
61.896986 27.855947
61.898018 27.808286
61.583050 27.649690
61.520648 28.177940
61.510413 27.248319
61.640900 26.775269
61.418314 26.880833
61.415534 26.881230
61.354389 27.399766
61.059478 28.185256
61.059765 28.185265
61.055309 28.189342
61.058257 28.190803
61.050078 28.198047
61.058357 28.185717
61.061114 28.234327
61.070646 28.262599
61.071586 28.261776
61.052542 28.262427
61.047102 28.209507
61.045288 28.200237
61.050147 28.174393
61.051036 28.178046
61.047946 28.132742
61.052226 28.105431
61.067402 28.178042
61.078398 28.150061
61.117894 28.500990
61.119112 28.506470
60.922471 27.567949
61.061017 27.804363
61.198657 27.682878
61.135753 28.101248
61.170608 28.771501
61.171345 28.768062
61.188609 28.763106
61.194962 28.777436
61.187911 28.770312
61.163597 28.801723
61.225484 28.834729
61.224691 28.832867
61.292748 28.811980
61.434921 29.355445
61.869864 28.881085
61.870688 28.875825
61.868389 28.868269
61.868210 28.885809
61.869724 28.922338
61.864847 28.936615
61.875907 28.949946
61.885708 28.795951
62.089255 28.915812
61.912685 29.282680
61.757448 29.388845
61.787553 28.370193
62.064136 28.302378
61.555962 29.501022
61.892959 29.824596
62.789989 22.836927
62.788261 22.839301
62.791750 22.834505
62.791290 22.842700
62.792894 22.872055
62.771008 22.876096
62.746377 22.858083
62.769203 22.844158
62.777259 22.828716
62.792643 22.811071
62.806548 22.878936
62.806203 22.880153
62.827825 22.908729
62.731083 22.579422
62.732265 22.580871
62.559907 23.062753
62.615236 22.396966
62.616152 22.397693
62.691137 22.451504
62.940301 22.515456
63.000658 22.322144
62.489410 22.762085
62.487597 22.752513
62.432948 22.180080
62.424293 22.178746
62.433572 22.183277
62.968888 23.007671
62.968787 23.008735
62.970488 23.008836
63.098260 23.039590
63.100061 23.055492
63.243118 22.847941
63.142785 22.794490
63.300926 23.155863
63.367709 23.478030
63.217842 23.624607
63.159636 23.825675
63.001749 23.815014
63.000826 23.815156
62.803973 23.507695
62.586459 23.618285
62.586947 23.614486
62.817420 23.942756
62.635923 23.821411
62.601613 23.725470
62.550367 24.068749
62.548423 24.074317
62.873563 24.204500
62.274033 21.378742
62.476817 21.337511
62.385312 21.223579
62.309672 21.710485
62.487747 21.739289
62.111944 21.960163
63.095540 21.617168
63.095733 21.617214
63.096776 21.616005
63.097539 21.620350
63.103219 21.624107
63.098665 21.626930
63.094926 21.616035
63.095347 21.615064
63.085707 21.612166
63.109926 21.597571
63.110599 21.598806
63.134068 21.599462
63.109633 21.650498
63.095141 21.616513
63.090436 21.683077
63.086449 21.726044
63.052421 21.720826
63.012757 21.649480
63.112301 21.677934
62.944775 21.548481
62.786948 21.189109
62.686328 21.982792
62.978912 22.009850
62.975987 22.011011
63.004363 22.140001
63.054444 22.107675
63.160824 21.841031
63.128890 22.250967
63.307257 22.384966
63.521753 22.529645
63.836478 23.131279
63.838970 23.134905
63.836545 23.109484
63.837803 23.139835
63.837743 23.132695
63.835175 23.136371
63.836248 23.128211
63.844346 23.116820
63.827370 23.155840
63.827456 23.152425
63.831901 23.124389
63.826531 23.068275
64.061828 23.654056
64.022951 23.507359
63.860883 23.415021
63.728385 23.033784
63.674283 22.702640
63.678179 22.716765
63.677851 22.713490
63.674422 22.700997
63.667093 22.704111
63.544704 23.511418
63.629697 22.842081
63.899765 23.915744
63.902416 23.915335
63.773517 24.249789
63.547575 23.693372
63.479735 23.785715
63.212728 24.424745
62.891630 27.680239
62.892330 27.679901
62.893123 27.679684
62.893617 27.692645
62.891207 27.675817
62.892681 27.676599
62.893352 27.676631
62.883580 27.614472
62.902726 27.649197
62.896890 27.651053
62.933920 27.666296
62.932281 27.677232
62.908864 27.693307
62.900651 27.705232
62.880926 27.667450
62.889044 27.632740
62.865072 27.610582
62.861881 27.620405
62.829773 27.592889
62.658620 27.602298
62.839453 27.642183
62.980693 27.702456
62.913966 28.161135
62.810585 28.491411
62.775689 28.014337
63.154976 27.299394
63.073125 27.659056
63.074570 27.658626
63.075778 27.661232
62.894836 26.973011
62.954401 26.753292
62.930579 26.410338
63.232367 26.756334
63.179608 26.352415
63.366366 27.391798
63.366666 27.392647
63.359183 27.755780
63.203164 28.084782
63.066432 28.331329
62.974758 28.481812
63.495107 28.295918
63.557378 27.188252
63.563888 27.186558
63.558575 27.188445
63.558711 27.189373
63.575080 27.179207
63.550879 27.213814
63.742701 27.002156
63.667790 27.522860
63.870766 27.432445
63.653692 26.620262
63.653103 26.618572
63.543012 29.137787
63.556349 29.105785
63.678459 28.815997
62.303167 27.171151
62.299937 27.160097
62.299748 27.160621
62.298596 27.149259
62.303037 27.164218
62.287679 27.080704
62.133933 27.464436
62.376404 27.437703
62.625889 27.120551
62.625970 27.119022
62.622761 26.831430
62.315931 27.872639
62.316835 27.870436
62.317182 27.855318
62.314179 27.871186
62.332356 27.830128
62.314747 27.893441
62.327431 27.890592
62.490928 27.792296
62.491488 27.788636
62.179278 27.826613
62.425614 28.630131
62.598599 29.759173
62.600503 29.760578
62.603111 29.763308
62.599872 29.761512
62.601237 29.763057
62.601906 29.760378
62.600552 29.766541
62.600052 29.752678
62.603432 29.765422
62.616372 29.778224
62.630318 29.702289
62.625512 29.694719
62.614268 29.813799
62.619179 29.857831
62.589634 29.789706
62.585117 29.794089
62.602906 29.804332
62.613909 29.542487
62.666764 29.796086
62.766143 29.847508
62.799098 30.157709
62.913457 30.253390
63.319088 30.023270
63.316503 30.031732
62.558552 30.175214
62.432551 29.969952
62.313453 29.625201
62.097785 30.140465
62.096767 30.144609
62.224576 30.330254
62.485237 30.618220
62.671939 30.932360
62.671489 30.931530
62.530849 29.385685
62.641700 29.226653
62.726010 29.015911
62.855520 29.371110
63.240260 29.252381
63.095124 29.611529
64.074221 24.537002
64.074196 24.535915
64.063012 24.559967
64.073478 24.538276
64.063584 24.551532
64.062951 24.553176
64.252323 23.954857
64.258135 23.947896
64.167096 24.303936
63.907021 24.519670
63.929592 24.961046
63.928859 24.962793
63.750035 25.320257
63.750409 25.319829
63.604650 24.937963
64.464785 24.259471
64.268059 24.816003
64.268585 24.827858
64.486421 24.991417
64.137811 25.363496
64.137184 25.364179
63.978767 25.760076
63.681731 25.978423
64.217924 27.742966
64.224843 27.733308
64.225104 27.732761
64.226719 27.729326
64.223742 27.732587
64.223098 27.734534
64.222106 27.730569
64.221317 27.746406
64.237265 27.751370
64.209348 27.752775
64.218500 27.678485
64.113283 27.104077
64.407659 27.834377
64.505374 28.214425
64.130494 28.381975
64.130677 28.385352
64.145777 28.268999
64.127196 29.523996
64.128747 29.520500
64.867726 27.675666
64.676161 28.491076
64.883614 28.912984
64.884326 28.910029
65.010711 25.481646
65.012629 25.473873
65.010633 25.471415
65.007835 25.467694
65.011484 25.469497
65.010926 25.468667
65.011663 25.470247
65.012673 25.471795
65.004040 25.462585
65.009239 25.484911
65.010254 25.492358
65.009937 25.489881
65.009550 25.491362
64.999726 25.476628
64.996820 25.485850
65.010657 25.519305
65.009219 25.534015
64.982677 25.565922
64.992297 25.517178
64.996155 25.461933
64.956329 25.523232
64.912878 25.503787
64.912928 25.503484
64.934263 25.400570
64.929722 25.371711
65.013017 24.728870
65.024313 25.469663
65.025307 25.475326
65.043656 25.438852
65.030805 25.470978
65.076172 25.447315
65.042686 25.479450
65.060218 25.486233
65.054987 25.457143
65.059505 25.479357
65.065058 25.417251
65.039668 25.551716
65.019361 25.552492
65.079539 25.406340
65.129247 25.357499
65.175078 25.349773
65.175661 25.355407
65.129397 25.777501
65.092209 25.689674
65.323021 25.377951
65.288982 25.373030
65.371745 25.841737
65.030469 26.153080
64.805802 26.000124
64.760676 26.420876
64.558921 26.837375
64.762879 25.646057
64.809737 25.416387
64.847006 25.543741
64.836694 25.191060
64.678232 24.487363
64.684336 24.483754
64.684780 24.479820
64.678106 24.506887
64.687115 24.501150
64.691693 24.574951
64.665201 25.102133
64.506547 25.652795
64.269927 25.866870
64.174856 25.961724
64.351616 26.280065
64.096785 26.331251
65.360582 26.988078
65.359138 26.996505
65.575491 28.243051
65.577171 28.240040
65.974589 29.177936
65.965434 29.186898
65.955830 29.160903
66.168200 29.138222
65.739901 24.565069
65.737693 24.560704
65.738709 24.559852
65.736909 24.566640
65.759886 24.546653
65.792283 24.524243
65.802525 24.545609
65.735088 24.583070
65.743825 24.589449
65.729320 24.603929
65.605085 25.210583
65.661875 25.065735
66.090608 24.811705
65.846189 24.149820
65.857156 24.171175
65.847959 24.135861
65.843366 24.168956
65.843433 24.170767
65.843517 24.189475
66.040098 24.019064
66.324105 23.675352
66.773888 23.970694
67.331158 23.778992
67.604183 24.152295
66.503734 25.724074
66.500678 25.716059
66.502403 25.733080
66.503221 25.726137
66.501787 25.727411
66.486090 25.656561
66.485068 25.695811
66.491396 25.690754
66.491616 25.690692
66.498108 25.754082
66.487904 25.803875
66.512102 25.668753
66.515764 25.784719
66.519367 25.753521
65.930111 26.516552
66.112209 28.160007
66.713686 27.429934
66.720388 27.400344
67.108702 27.514707
67.292884 28.156708
66.833085 28.668754
67.656195 24.909431
67.803381 24.798612
67.955863 23.680418
68.384833 23.636458
67.417441 26.593453
67.417090 26.593063
67.415830 26.593045
68.656033 27.540335
68.658922 27.538897
68.419895 27.418414
68.906174 27.021211
-1 
